{
  "state": {
    "num_cities": 14,
    "airplanes": [
      {
        "index": 0,
        "slow_burn": 1,
        "slow_speed": 300,
        "fast_burn": 2,
        "fast_speed": 600,
        "capacity": 2468,
        "fuel": 562,
        "location": 6,
        "zoom_limit": 9,
        "onboard": 0
      },
      {
        "index": 1,
        "slow_burn": 5,
        "slow_speed": 350,
        "fast_burn": 16,
        "fast_speed": 700,
        "capacity": 14825,
        "fuel": 521,
        "location": 0,
        "zoom_limit": 2,
        "onboard": 0
      },
      {
        "index": 2,
        "slow_burn": 2,
        "slow_speed": 320,
        "fast_burn": 4,
        "fast_speed": 640,
        "capacity": 4763,
        "fuel": 285,
        "location": 10,
        "zoom_limit": 6,
        "onboard": 0
      },
      {
        "index": 3,
        "slow_burn": 2,
        "slow_speed": 250,
        "fast_burn": 6,
        "fast_speed": 500,
        "capacity": 5095,
        "fuel": 1782,
        "location": 4,
        "zoom_limit": 6,
        "onboard": 0
      },
      {
        "index": 4,
        "slow_burn": 4,
        "slow_speed": 300,
        "fast_burn": 8,
        "fast_speed": 600,
        "capacity": 9885,
        "fuel": 3681,
        "location": 1,
        "zoom_limit": 9,
        "onboard": 0
      }
    ],
    "distances": {
      "(0,0)": 0,
      "(0,1)": 887,
      "(0,2)": 696,
      "(0,3)": 806,
      "(0,4)": 844,
      "(0,5)": 941,
      "(0,6)": 963,
      "(0,7)": 639,
      "(0,8)": 797,
      "(0,9)": 660,
      "(0,10)": 689,
      "(0,11)": 638,
      "(0,12)": 946,
      "(0,13)": 879,
      "(1,0)": 887,
      "(1,1)": 0,
      "(1,2)": 569,
      "(1,3)": 936,
      "(1,4)": 643,
      "(1,5)": 583,
      "(1,6)": 857,
      "(1,7)": 716,
      "(1,8)": 643,
      "(1,9)": 973,
      "(1,10)": 925,
      "(1,11)": 833,
      "(1,12)": 913,
      "(1,13)": 667,
      "(2,0)": 696,
      "(2,1)": 569,
      "(2,2)": 0,
      "(2,3)": 568,
      "(2,4)": 895,
      "(2,5)": 555,
      "(2,6)": 761,
      "(2,7)": 943,
      "(2,8)": 507,
      "(2,9)": 648,
      "(2,10)": 640,
      "(2,11)": 814,
      "(2,12)": 992,
      "(2,13)": 581,
      "(3,0)": 806,
      "(3,1)": 936,
      "(3,2)": 568,
      "(3,3)": 0,
      "(3,4)": 778,
      "(3,5)": 632,
      "(3,6)": 879,
      "(3,7)": 938,
      "(3,8)": 822,
      "(3,9)": 517,
      "(3,10)": 885,
      "(3,11)": 701,
      "(3,12)": 586,
      "(3,13)": 822,
      "(4,0)": 844,
      "(4,1)": 643,
      "(4,2)": 895,
      "(4,3)": 778,
      "(4,4)": 0,
      "(4,5)": 844,
      "(4,6)": 670,
      "(4,7)": 679,
      "(4,8)": 561,
      "(4,9)": 814,
      "(4,10)": 653,
      "(4,11)": 986,
      "(4,12)": 647,
      "(4,13)": 566,
      "(5,0)": 941,
      "(5,1)": 583,
      "(5,2)": 555,
      "(5,3)": 632,
      "(5,4)": 844,
      "(5,5)": 0,
      "(5,6)": 654,
      "(5,7)": 716,
      "(5,8)": 962,
      "(5,9)": 709,
      "(5,10)": 977,
      "(5,11)": 906,
      "(5,12)": 717,
      "(5,13)": 626,
      "(6,0)": 963,
      "(6,1)": 857,
      "(6,2)": 761,
      "(6,3)": 879,
      "(6,4)": 670,
      "(6,5)": 654,
      "(6,6)": 0,
      "(6,7)": 547,
      "(6,8)": 532,
      "(6,9)": 618,
      "(6,10)": 629,
      "(6,11)": 810,
      "(6,12)": 751,
      "(6,13)": 508,
      "(7,0)": 639,
      "(7,1)": 716,
      "(7,2)": 943,
      "(7,3)": 938,
      "(7,4)": 679,
      "(7,5)": 716,
      "(7,6)": 547,
      "(7,7)": 0,
      "(7,8)": 749,
      "(7,9)": 573,
      "(7,10)": 526,
      "(7,11)": 634,
      "(7,12)": 774,
      "(7,13)": 613,
      "(8,0)": 797,
      "(8,1)": 643,
      "(8,2)": 507,
      "(8,3)": 822,
      "(8,4)": 561,
      "(8,5)": 962,
      "(8,6)": 532,
      "(8,7)": 749,
      "(8,8)": 0,
      "(8,9)": 957,
      "(8,10)": 619,
      "(8,11)": 783,
      "(8,12)": 637,
      "(8,13)": 680,
      "(9,0)": 660,
      "(9,1)": 973,
      "(9,2)": 648,
      "(9,3)": 517,
      "(9,4)": 814,
      "(9,5)": 709,
      "(9,6)": 618,
      "(9,7)": 573,
      "(9,8)": 957,
      "(9,9)": 0,
      "(9,10)": 597,
      "(9,11)": 790,
      "(9,12)": 667,
      "(9,13)": 745,
      "(10,0)": 689,
      "(10,1)": 925,
      "(10,2)": 640,
      "(10,3)": 885,
      "(10,4)": 653,
      "(10,5)": 977,
      "(10,6)": 629,
      "(10,7)": 526,
      "(10,8)": 619,
      "(10,9)": 597,
      "(10,10)": 0,
      "(10,11)": 857,
      "(10,12)": 821,
      "(10,13)": 961,
      "(11,0)": 638,
      "(11,1)": 833,
      "(11,2)": 814,
      "(11,3)": 701,
      "(11,4)": 986,
      "(11,5)": 906,
      "(11,6)": 810,
      "(11,7)": 634,
      "(11,8)": 783,
      "(11,9)": 790,
      "(11,10)": 857,
      "(11,11)": 0,
      "(11,12)": 820,
      "(11,13)": 531,
      "(12,0)": 946,
      "(12,1)": 913,
      "(12,2)": 992,
      "(12,3)": 586,
      "(12,4)": 647,
      "(12,5)": 717,
      "(12,6)": 751,
      "(12,7)": 774,
      "(12,8)": 637,
      "(12,9)": 667,
      "(12,10)": 821,
      "(12,11)": 820,
      "(12,12)": 0,
      "(12,13)": 939,
      "(13,0)": 879,
      "(13,1)": 667,
      "(13,2)": 581,
      "(13,3)": 822,
      "(13,4)": 566,
      "(13,5)": 626,
      "(13,6)": 508,
      "(13,7)": 613,
      "(13,8)": 680,
      "(13,9)": 745,
      "(13,10)": 961,
      "(13,11)": 531,
      "(13,12)": 939,
      "(13,13)": 0
    },
    "persons": [
      {
        "loc": 8,
        "on_airpane": -1
      },
      {
        "loc": 10,
        "on_airpane": -1
      },
      {
        "loc": 7,
        "on_airpane": -1
      },
      {
        "loc": 5,
        "on_airpane": -1
      },
      {
        "loc": 1,
        "on_airpane": -1
      },
      {
        "loc": 10,
        "on_airpane": -1
      },
      {
        "loc": 11,
        "on_airpane": -1
      },
      {
        "loc": 8,
        "on_airpane": -1
      },
      {
        "loc": 9,
        "on_airpane": -1
      },
      {
        "loc": 11,
        "on_airpane": -1
      },
      {
        "loc": 4,
        "on_airpane": -1
      },
      {
        "loc": 5,
        "on_airpane": -1
      },
      {
        "loc": 8,
        "on_airpane": -1
      },
      {
        "loc": 4,
        "on_airpane": -1
      },
      {
        "loc": 1,
        "on_airpane": -1
      }
    ],
    "total_fuel_used": 0,
    "total_time": 0.0
  },
  "problem": {
    "goal": {
      "airplanes": [
        [
          1,
          12
        ],
        [
          2,
          6
        ]
      ],
      "persons": [
        [
          0,
          3
        ],
        [
          1,
          4
        ],
        [
          2,
          11
        ],
        [
          3,
          13
        ],
        [
          4,
          11
        ],
        [
          5,
          7
        ],
        [
          6,
          1
        ],
        [
          7,
          11
        ],
        [
          8,
          2
        ],
        [
          9,
          6
        ],
        [
          10,
          0
        ],
        [
          11,
          12
        ],
        [
          12,
          13
        ],
        [
          13,
          4
        ],
        [
          14,
          4
        ]
      ]
    },
    "minimize": {
      "fuel": 2,
      "time": 5
    }
  }
}